  994.1100	  299.6500	   20.1000
   40.0000	  299.6566	   19.9320	    0.0000	    0.0000
   80.0000	  299.6765	   19.7640	    0.0000	    0.0000
  120.0000	  299.7097	   19.5960	    0.0000	    0.0000
  160.0000	  299.7561	   19.4280	    0.0000	    0.0000
  200.0000	  299.8157	   19.2600	    0.0000	    0.0000
  240.0000	  299.8886	   19.0920	    0.0000	    0.0000
  280.0000	  299.9748	   18.9240	    0.0000	    0.0000
  320.0000	  300.0742	   18.7560	    0.0000	    0.0000
  360.0000	  300.1869	   18.5880	    0.0000	    0.0000
  400.0000	  300.3129	   18.4200	    0.0000	    0.0000
  440.0000	  300.4521	   18.2520	    0.0000	    0.0000
  480.0000	  300.6045	   18.0840	    0.0000	    0.0000
  520.0000	  300.7702	   17.9176	    0.0000	    0.0000
  560.0000	  300.9492	   17.7560	    0.0000	    0.0000
  600.0000	  301.1414	   17.6008	    0.0000	    0.0000
  640.0000	  301.3469	   17.4520	    0.0000	    0.0000
  680.0000	  301.5657	   17.3096	    0.0000	    0.0000
  720.0000	  301.7943	   17.1736	    0.0000	    0.0000
  760.0000	  302.0263	   17.0440	    0.0000	    0.0000
  800.0000	  302.2583	   16.9208	    0.0000	    0.0000
  840.0000	  302.4903	   16.8040	    0.0000	    0.0000
  880.0000	  302.7223	   16.6936	    0.0000	    0.0000
  920.0000	  302.9543	   16.5896	    0.0000	    0.0000
  960.0000	  303.1863	   16.4920	    0.0000	    0.0000
 1000.0000	  303.4183	   16.4008	    0.0000	    0.0000
 1040.0000	  303.6503	   16.3128	    0.0000	    0.0000
 1080.0000	  303.8823	   16.2248	    0.0000	    0.0000
 1120.0000	  304.1143	   16.1368	    0.0000	    0.0000
 1160.0000	  304.3463	   16.0488	    0.0000	    0.0000
 1200.0000	  304.5783	   15.9608	    0.0000	    0.0000
 1240.0000	  304.8103	   15.8728	    0.0000	    0.0000
 1280.0000	  305.0423	   15.7848	    0.0000	    0.0000
 1320.0000	  305.2743	   15.6968	    0.0000	    0.0000
 1360.0000	  305.5063	   15.6088	    0.0000	    0.0000
 1400.0000	  305.7383	   15.5208	    0.0000	    0.0000
 1440.0000	  305.9703	   15.4328	    0.0000	    0.0000
 1480.0000	  306.2023	   15.3448	    0.0000	    0.0000
 1520.0000	  306.4343	   15.2568	    0.0000	    0.0000
 1560.0000	  306.6663	   15.1688	    0.0000	    0.0000
 1600.0000	  306.8983	   15.0808	    0.0000	    0.0000
 1640.0000	  307.1303	   14.9928	    0.0000	    0.0000
 1680.0000	  307.3623	   14.9048	    0.0000	    0.0000
 1720.0000	  307.5943	   14.8168	    0.0000	    0.0000
 1760.0000	  307.8263	   14.7288	    0.0000	    0.0000
 1800.0000	  308.0583	   14.6408	    0.0000	    0.0000
 1840.0000	  308.2903	   14.5528	    0.0000	    0.0000
 1880.0000	  308.5223	   14.4648	    0.0000	    0.0000
 1920.0000	  308.7543	   14.3768	    0.0000	    0.0000
 1960.0000	  308.9863	   14.2888	    0.0000	    0.0000
 2000.0000	  309.2183	   14.2008	    0.0000	    0.0000
 2040.0000	  309.4503	   14.1128	    0.0000	    0.0000
 2080.0000	  309.6823	   14.0248	    0.0000	    0.0000
 2120.0000	  309.9143	   13.9368	    0.0000	    0.0000
 2160.0000	  310.1463	   13.8488	    0.0000	    0.0000
 2200.0000	  310.3783	   13.7608	    0.0000	    0.0000
 2240.0000	  310.6103	   13.6728	    0.0000	    0.0000
 2280.0000	  310.8423	   13.5848	    0.0000	    0.0000
 2320.0000	  311.0743	   13.4968	    0.0000	    0.0000
 2360.0000	  311.3063	   13.4088	    0.0000	    0.0000
 2400.0000	  311.5383	   13.3208	    0.0000	    0.0000
 2440.0000	  311.7703	   13.2328	    0.0000	    0.0000
 2480.0000	  312.0023	   13.1448	    0.0000	    0.0000
 2520.0000	  312.2343	   13.0568	    0.0000	    0.0000
 2560.0000	  312.4663	   12.9688	    0.0000	    0.0000
 2600.0000	  312.6983	   12.8808	    0.0000	    0.0000
 2640.0000	  312.9303	   12.7928	    0.0000	    0.0000
 2680.0000	  313.1623	   12.7048	    0.0000	    0.0000
 2720.0000	  313.3943	   12.6168	    0.0000	    0.0000
 2760.0000	  313.6263	   12.5288	    0.0000	    0.0000
 2800.0000	  313.8583	   12.4408	    0.0000	    0.0000
 2840.0000	  314.0903	   12.3528	    0.0000	    0.0000
 2880.0000	  314.3223	   12.2648	    0.0000	    0.0000
 2920.0000	  314.5543	   12.1768	    0.0000	    0.0000
 2960.0000	  314.7863	   12.0888	    0.0000	    0.0000
 3000.0000	  315.0183	   12.0008	    0.0000	    0.0000
 3040.0000	  315.2503	   11.9128	    0.0000	    0.0000
 3080.0000	  315.4823	   11.8248	    0.0000	    0.0000
 3120.0000	  315.7143	   11.7368	    0.0000	    0.0000
 3160.0000	  315.9463	   11.6488	    0.0000	    0.0000
 3200.0000	  316.1783	   11.5608	    0.0000	    0.0000
 3240.0000	  316.4103	   11.4728	    0.0000	    0.0000
 3280.0000	  316.6423	   11.3848	    0.0000	    0.0000
 3320.0000	  316.8743	   11.2968	    0.0000	    0.0000
 3360.0000	  317.1063	   11.2088	    0.0000	    0.0000
 3400.0000	  317.3383	   11.1208	    0.0000	    0.0000
 3440.0000	  317.5703	   11.0328	    0.0000	    0.0000
 3480.0000	  317.8023	   10.9448	    0.0000	    0.0000
 3520.0000	  318.0343	   10.8568	    0.0000	    0.0000
 3560.0000	  318.2663	   10.7688	    0.0000	    0.0000
 3600.0000	  318.4983	   10.6808	    0.0000	    0.0000
 3640.0000	  318.7303	   10.5928	    0.0000	    0.0000
 3680.0000	  318.9623	   10.5048	    0.0000	    0.0000
 3720.0000	  319.1943	   10.4168	    0.0000	    0.0000
 3760.0000	  319.4263	   10.3288	    0.0000	    0.0000
 3800.0000	  319.6583	   10.2408	    0.0000	    0.0000
 3840.0000	  319.8903	   10.1528	    0.0000	    0.0000
 3880.0000	  320.1223	   10.0648	    0.0000	    0.0000
 3920.0000	  320.3543	    9.9768	    0.0000	    0.0000
 3960.0000	  320.5863	    9.8888	    0.0000	    0.0000
 4000.0000	  320.8183	    9.8008	    0.0000	    0.0000
 4040.0000	  321.0503	    9.7128	    0.0000	    0.0000
 4080.0000	  321.2823	    9.6248	    0.0000	    0.0000
